NAME: RobotArmRightLower
FLAGS: NONE
SCALE: 72.0000,250.0000,69.0000
LOCATION: 0.0000,0.0000,0.0000
SPEED: 0.0000,0.0000,0.0000
ROTSPEED: 0.0000,0.0000,0.0000
INCREMENT: 0.0000,0.0000,0.0000
MAXEXTENT: 0.0000,0.0000,0.0000
MINEXTENT: 0.0000,0.0000,0.0000
NUMBER_OF_AXES: 1
NUMBER_OF_POINTS: 8
NUMBER_OF_NORMALS: 0
NUMBER_OF_LINES: 0
NUMBER_OF_POLYGONS: 6
NUMBER_OF_TEXTURES: 0
AXES: (1)
0: 1.000000,0.000000,0.000000,0.000000,1.000000,0.000000,0.000000,0.000000,1.000000
AXIS_LOCATION: -190.000000,588.000000,0.000000
NUMBER_OF_SUPERAXES: 0
POINTS: (8)
0: -226.000000,713.000000,-34.500000
1: -154.000000,713.000000,-34.500000
2: -154.000000,463.000000,-34.500000
3: -226.000000,463.000000,-34.500000
4: -226.000000,713.000000,34.500000
5: -154.000000,713.000000,34.500000
6: -154.000000,463.000000,34.500000
7: -226.000000,463.000000,34.500000
NORMALS: (0)
LINES: (0)
POLYGONS: (6)
POLYGON 0:
POLYGON_FLAGS: F3D_POLYGON_USE_POLYGON_NORMAL
POLYGON_AXIS: 0
POLYGON_POINTS: (4) 0,1,2,3
POLYGON_U: 0.000000,1.000000,1.000000,0.000000
POLYGON_V: 0.000000,0.000000,1.000000,1.000000
POLYGON_COLOR: 0xffffff,0xffffff,0xffffff,0xffffff
POLYGON_NORMAL: 0.000000,0.000000,-1.000000
POLYGON_TEXTURE: 0
POLYGON_TRANSPARENCY: 0.000000
POLYGON 1:
POLYGON_FLAGS: F3D_POLYGON_USE_POLYGON_NORMAL
POLYGON_AXIS: 0
POLYGON_POINTS: (4) 1,5,6,2
POLYGON_U: 0.000000,1.000000,1.000000,0.000000
POLYGON_V: 0.000000,0.000000,1.000000,1.000000
POLYGON_COLOR: 0xffffff,0xffffff,0xffffff,0xffffff
POLYGON_NORMAL: 1.000000,0.000000,0.000000
POLYGON_TEXTURE: 0
POLYGON_TRANSPARENCY: 0.000000
POLYGON 2:
POLYGON_FLAGS: F3D_POLYGON_USE_POLYGON_NORMAL
POLYGON_AXIS: 0
POLYGON_POINTS: (4) 5,4,7,6
POLYGON_U: 0.000000,1.000000,1.000000,0.000000
POLYGON_V: 0.000000,0.000000,1.000000,1.000000
POLYGON_COLOR: 0xffffff,0xffffff,0xffffff,0xffffff
POLYGON_NORMAL: 0.000000,0.000000,1.000000
POLYGON_TEXTURE: 0
POLYGON_TRANSPARENCY: 0.000000
POLYGON 3:
POLYGON_FLAGS: F3D_POLYGON_USE_POLYGON_NORMAL
POLYGON_AXIS: 0
POLYGON_POINTS: (4) 4,0,3,7
POLYGON_U: 0.000000,1.000000,1.000000,0.000000
POLYGON_V: 0.000000,0.000000,1.000000,1.000000
POLYGON_COLOR: 0xffffff,0xffffff,0xffffff,0xffffff
POLYGON_NORMAL: -1.000000,0.000000,0.000000
POLYGON_TEXTURE: 0
POLYGON_TRANSPARENCY: 0.000000
POLYGON 4:
POLYGON_FLAGS: F3D_POLYGON_USE_POLYGON_NORMAL
POLYGON_AXIS: 0
POLYGON_POINTS: (4) 4,5,1,0
POLYGON_U: 0.000000,1.000000,1.000000,0.000000
POLYGON_V: 0.000000,0.000000,1.000000,1.000000
POLYGON_COLOR: 0xffffff,0xffffff,0xffffff,0xffffff
POLYGON_NORMAL: 0.000000,1.000000,0.000000
POLYGON_TEXTURE: 0
POLYGON_TRANSPARENCY: 0.000000
POLYGON 5:
POLYGON_FLAGS: F3D_POLYGON_USE_POLYGON_NORMAL
POLYGON_AXIS: 0
POLYGON_POINTS: (4) 3,2,6,7
POLYGON_U: 0.000000,1.000000,1.000000,0.000000
POLYGON_V: 0.000000,0.000000,1.000000,1.000000
POLYGON_COLOR: 0xffffff,0xffffff,0xffffff,0xffffff
POLYGON_NORMAL: -0.000000,-1.000000,0.000000
POLYGON_TEXTURE: 0
POLYGON_TRANSPARENCY: 0.000000
TEXTURES: (0)
