NAME: TestPolygon
FLAGS: NONE
SCALE: 100.0000,100.0000,0.0000
LOCATION: 0.0000,0.0000,0.0000
SPEED: 0.0000,0.0000,0.0000
ROTSPEED: 0.0000,0.0000,0.0000
INCREMENT: 0.0000,0.0000,0.0000
MAXEXTENT: 0.0000,0.0000,0.0000
MINEXTENT: 0.0000,0.0000,0.0000
NUMBER_OF_AXES: 1
NUMBER_OF_POINTS: 4
NUMBER_OF_NORMALS: 0
NUMBER_OF_LINES: 0
NUMBER_OF_POLYGONS: 1
NUMBER_OF_TEXTURES: 0
AXES: (1)
0: 1.000000,0.000000,0.000000,0.000000,1.000000,0.000000,0.000000,0.000000,1.000000
AXIS_LOCATION: 0.000000,0.000000,0.000000
SUBAXES: -1,-1,-1,-1,-1,-1,-1,-1,-1,-1,-1,-1,-1,-1,-1,-1,-1,-1,-1,-1
POINTS: (4)
0: -50.000000,50.000000,-0.000000
1: 50.000000,50.000000,-0.000000
2: 50.000000,-50.000000,-0.000000
3: -50.000000,-50.000000,-0.000000
NORMALS: (0)
LINES: (0)
POLYGONS: (1)
POLYGON 0:
POLYGON_FLAGS: F3D_POLYGON_USE_POLYGON_NORMAL
POLYGON_AXIS: 0
POLYGON_POINTS: (4) 0,1,2,3
POLYGON_U: 0.000000,1.000000,1.000000,0.000000
POLYGON_V: 0.000000,0.000000,1.000000,1.000000
POLYGON_COLOR: 0xffffff,0xffffff,0xffffff,0xffffff
POLYGON_NORMAL: 0.000000,0.000000,-1.000000
POLYGON_TEXTURE: 0
POLYGON_TRANSPARENCY: 0.000000
TEXTURES: (0)
